100
175.0 1.0 929.0
495.75183 1.15206 1976.22459
406.0 2.0 631.0
494.94091 1.17583 1913.66412
495.43432 1.15619 1955.47397
186.55064 3.41879 610.87243
494.45484 1.47476 1992.64520
1.08349 3.66574 1999.31449
191.99 2.2 2000.000
63.6719 2.0 2.526
103.24 1.0000 120.18
173.0 4.0 103.0
1.06701 3.97463 1999.63028
490.15875 1.06092 1998.54938
202.0 3.0 326.0
495.03737 1.22982 1965.72723
459.0 4.0 137.3124
491.42033 1.02604 1964.82925
477.0 4.0 1445.0
23.77641 2.54950 650.40800
427.9138 1.6993 1388.5
492.00000 2.00000 984.00000
487.81 2.41184 654.50
339.88852 3.30288 916.96622
493.69752 1.16756 1904.56033
490.79404 2.23940 558.86078
497.30652 1.15400 1908.44806
493.47225 1.32851 1902.15171
492.26506 1.03296 1983.96536
1.01777 3.09851 1999.00237
492.52733 1.97214 1268.08636
488.57 2.60 1782.3
458.0 2.2 1543.20946
433.66654 2.21250 891.11192
90.56915 2.64557 1992.41603
497.00000 1.00000 535.00000
1.00 2.48 1199.33753
1.09673 3.38833 1999.36462
395.00000 2.00000 790.00000
490.75182 1.46816 1930.45594
310.27560 3.27748 911.56654
1.67328 3.47608 3.37453
494.07459 1.26467 1925.62030
493.15724 1.13864 1954.06836
369.0 2.0 1770.0
301.99766 3.79436 434.43420
420.09289 1.63200 59.61955
38.0 2.0 1404.0
107.00000 2.00000 214.00000
495.84021 1.20633 598.43954
496.42464 1.49343 1969.72565
470.6250 1.0 4.73
99.42216 2.26495 256.15259
493.36392 1.10246 1911.90491
495.67882 1.39783 1947.71156
494.52995 1.24326 1938.53565
494.31544 1.32550 1946.29294
490.08321 1.14944 1907.88430
490.18442 1.03771 1906.73794
183.771 3.271 1012.1721
497.29463 1.24209 1930.87193
228.8195 1.91 963.2164
303.75975 2.97432 1104.89483
439.933 2.0 926.78
500.0000 1.81147 1468.3388
497.84545 1.14442 1997.25898
496.64757 1.10547 1911.55336
496.22740 1.06679 1938.15252
392.98656 2.68709 916.94140
397.902 2.8 1794.29
490.50685 1.45247 1998.41263
68.48023 3.87289 988.26497
404.0 3.0 1146.0
329.0 3.0 754.0
300.00000 2.00000 336.00000
389.00000 2.00000 416.00000
490.84913 1.35325 1992.05849
87.00000 2.00000 174.00000
205.0 4.0 859.0
25.40493 1.78453 1429.77719
493.45221 1.22610 1984.37550
493.87450 1.09156 1989.31142
425.0 1.0 30.0
292.0 4.0 1061.0
35.20 2.36 479.12013
203.55812 1.90629 102.13121
492.94821 1.17899 1972.58800
346.27000 3.25270 1896.59955
26.56163 2.83058 1240.79538
157.5 1.194 1241.96389
490.83506 1.42414 1993.25907
494.04571 1.48144 1998.54224
497.22539 1.15956 1919.41891
228.0 1.0 1206.0
296.24 3.73 1343.6380
492.42984 1.42270 1932.24766
476.00000 1.00000 483.00000
17.1789 3.6832 1.00000
28.85169 1.84913 1328.52374
493.75966 1.22056 1960.07947
